1011        0111
0110        1001
1001        1100      1001     110000     110000     111     000
0110101011011110    10    10   10   01    10   01     00     101
1010101010110101    11010111   110000     110000        11   011
1010        0101    10    01   01         01              101111
0110        1001    11    11   11         11                 111
1001        0110    10    01   00         00               0000


11100000000
1000      111       0                   11
0111       01      111      110        0110    11                 11        ___     111     000
100011111100                1011110     10     10                 00      /0   0\     00     10
011011001100       111      10    00    11     11                 11           11       11 111
1110      01       010      11          01     00111110       001100      0011111         101
0110      111      110      00          00     11     01     10   11     11    01          11
111010000000       011      11           111   11     11      111111      111110       11110


BBBBBBBBBB
BBBB     bbb      AAAA      PPPP\\       IIII
BBBB     bb      AA  AA     PP   PP       II
BBBBBBBBBB      aaaaaaaa    PPpp//        II
BBBBBBBBBB      AA    AA    PP            II
BBBB      bb    AA    AA    PP            II
BBBB     bbb    AA    AA    PP            II
BBBBBBBBBB      aa    aa    pp           IIII